23-5-22;12:30:0;6.659;14.85;86.81;0.000;1.212;
23-5-22;12:40:0;6.621;14.56;88.55;0.000;1.387;
23-5-22;12:50:0;6.672;14.44;89.64;0.000;1.366;
23-5-22;13:0:0;6.722;14.43;90.15;0.000;1.172;
23-5-22;13:10:0;6.743;14.27;90.37;0.000;1.287;
23-5-22;13:20:0;6.752;14.22;90.72;0.000;1.356;
23-5-22;13:30:0;6.739;14.18;90.96;0.000;1.427;
23-5-22;13:40:0;6.727;14.15;91.14;0.000;1.285;
23-5-22;13:50:0;6.729;14.04;91.28;0.000;1.312;
23-5-22;14:0:0;6.738;13.94;91.62;0.000;1.562;
23-5-22;14:10:0;6.741;13.89;92.06;0.000;1.383;
23-5-22;14:20:0;6.761;13.92;92.39;0.000;1.443;
23-5-22;14:30:0;6.769;13.87;92.69;0.000;1.458;
23-5-22;14:40:0;6.769;13.80;92.80;0.000;1.618;
23-5-22;14:50:0;6.764;13.67;92.92;0.000;1.502;
23-5-22;15:0:0;6.779;13.43;92.99;0.000;1.631;
23-5-22;15:10:0;6.808;13.48;93.17;0.000;1.331;
23-5-22;15:20:0;6.839;13.54;93.24;0.000;1.416;
23-5-22;15:30:0;6.851;13.53;93.29;0.000;1.141;
23-5-22;15:40:0;6.858;13.54;93.27;0.000;1.270;
23-5-22;15:50:0;6.881;13.60;93.34;0.000;1.162;
23-5-22;16:0:0;6.964;13.55;93.26;0.000;1.543;
23-5-22;16:10:0;7.098;13.54;93.15;0.000;1.102;
23-5-22;16:20:0;7.231;13.51;92.81;0.000;1.097;
23-5-22;16:30:0;7.186;13.47;92.42;0.000;1.060;
23-5-22;16:40:0;7.177;13.53;91.96;0.000;0.733;
23-5-22;16:50:0;7.206;13.58;91.32;0.000;0.891;
23-5-22;17:0:0;7.146;13.50;90.65;0.000;0.960;
23-5-22;17:10:0;7.107;13.65;90.16;0.000;0.631;
23-5-22;17:20:0;7.070;13.71;89.50;0.000;0.702;
23-5-22;17:30:0;7.032;13.71;89.00;0.000;0.777;
23-5-22;17:40:0;7.004;13.71;88.85;0.000;0.733;
23-5-22;17:50:0;6.984;13.64;88.81;0.000;0.591;
23-5-22;18:0:0;6.961;13.73;88.94;0.000;0.535;
23-5-22;18:10:0;6.941;13.82;89.01;0.000;0.635;
23-5-22;18:20:0;6.925;13.88;89.24;0.000;0.887;
23-5-22;18:30:0;6.909;13.87;89.37;0.000;1.033;
23-5-22;18:40:0;6.892;13.87;89.52;0.000;0.993;
23-5-22;18:50:0;6.879;13.96;89.71;0.000;0.912;
23-5-22;19:0:0;6.868;13.99;89.78;0.000;1.389;
23-5-22;19:10:0;6.857;14.04;89.63;0.000;1.293;
23-5-22;19:20:0;6.846;14.11;89.46;0.000;1.239;
23-5-22;19:30:0;6.835;14.13;89.25;0.000;1.831;
23-5-22;19:40:0;6.825;14.06;89.06;0.000;1.608;
23-5-22;19:50:0;6.820;14.15;89.08;0.000;1.654;
23-5-22;20:0:0;6.810;14.18;89.17;0.000;1.412;
23-5-22;20:10:0;6.802;14.16;89.13;0.000;1.114;
23-5-22;20:20:0;6.795;14.21;89.05;0.000;1.347;
23-5-22;20:30:0;6.789;14.30;88.94;0.000;1.762;
23-5-22;20:40:0;6.779;14.34;88.48;0.000;1.827;
23-5-22;20:50:0;6.773;14.30;87.45;0.000;2.312;
23-5-22;21:0:0;6.764;14.25;86.33;0.000;2.189;
23-5-22;21:10:0;6.759;14.26;85.31;0.000;2.058;
23-5-22;21:20:0;6.752;14.29;85.25;0.000;2.229;
23-5-22;21:30:0;6.745;14.27;85.27;0.000;1.885;
23-5-22;21:40:0;6.738;14.22;85.06;0.000;1.847;
23-5-22;21:50:0;6.732;14.26;84.28;0.000;2.041;
23-5-22;22:0:0;6.726;14.22;84.14;0.000;1.725;
23-5-22;22:10:0;6.719;13.97;84.17;0.000;1.537;
23-5-22;22:20:0;6.711;13.80;84.26;0.000;1.343;
23-5-22;22:30:0;6.706;13.64;84.16;0.000;1.458;
23-5-22;22:40:0;6.700;13.50;82.94;0.000;1.808;
23-5-22;22:50:0;6.694;13.44;81.76;0.000;1.902;
23-5-22;23:0:0;6.689;13.31;81.01;0.000;1.777;
23-5-22;23:10:0;6.681;13.25;81.12;0.000;1.629;
23-5-22;23:20:0;6.677;13.17;81.39;0.000;1.704;
23-5-22;23:30:0;6.671;13.07;81.68;0.000;1.379;
23-5-22;23:40:0;6.664;13.00;82.19;0.000;1.610;
23-5-22;23:50:0;6.660;12.96;82.72;0.000;1.995;
24-5-22;0:0:0;6.653;12.94;83.09;0.000;1.585;
24-5-22;0:10:0;6.647;12.94;83.46;0.000;1.927;
24-5-22;0:20:0;6.642;12.97;83.83;0.000;1.806;
24-5-22;0:30:0;6.638;12.97;84.33;0.000;1.995;
24-5-22;0:40:0;6.631;12.94;84.62;0.000;2.033;
24-5-22;0:50:0;6.627;12.95;84.76;0.000;1.881;
24-5-22;1:0:0;6.621;12.93;84.78;0.000;2.193;
24-5-22;1:10:0;6.614;12.93;84.74;0.000;1.929;
24-5-22;1:20:0;6.610;12.88;84.73;0.000;1.750;
24-5-22;1:30:0;6.605;12.78;85.12;0.000;1.831;
24-5-22;1:40:0;6.599;12.71;85.66;0.000;1.847;
24-5-22;1:50:0;6.596;12.68;85.81;0.000;1.793;
24-5-22;2:0:0;6.590;12.54;86.07;0.000;1.662;
24-5-22;2:10:0;6.585;12.35;86.19;0.000;1.793;
24-5-22;2:20:0;6.581;12.16;86.19;0.000;1.831;
24-5-22;2:30:0;6.576;12.06;86.16;0.000;1.560;
24-5-22;2:40:0;6.573;12.00;86.03;0.000;1.460;
24-5-22;2:50:0;6.568;11.94;86.11;0.000;1.820;
24-5-22;3:0:0;6.565;11.86;86.16;0.000;1.641;
24-5-22;3:10:0;6.563;11.75;86.21;0.000;1.702;
24-5-22;3:20:0;6.557;11.67;86.17;0.000;1.762;
24-5-22;3:30:0;6.553;11.65;86.17;0.000;1.970;
24-5-22;3:40:0;6.549;11.62;86.08;0.000;1.670;
24-5-22;3:50:0;6.545;11.58;86.12;0.000;1.845;
24-5-22;4:0:0;6.541;11.58;86.07;0.000;1.604;
24-5-22;4:10:0;6.538;11.58;85.97;0.000;1.645;
24-5-22;4:20:0;6.534;11.58;86.12;0.000;1.329;
24-5-22;4:30:0;6.530;11.53;86.64;0.000;1.375;
24-5-22;4:40:0;6.524;11.42;87.18;0.000;1.531;
24-5-22;4:50:0;6.518;11.35;87.73;0.000;1.235;
24-5-22;5:0:0;6.511;11.31;87.87;0.000;1.399;
24-5-22;5:10:0;6.502;11.27;87.89;0.000;1.716;
24-5-22;5:20:0;6.498;11.31;88.15;0.000;1.943;
24-5-22;5:30:0;6.488;11.26;88.74;0.000;1.612;
24-5-22;5:40:0;6.485;11.19;89.32;0.000;1.227;
24-5-22;5:50:0;6.482;11.16;89.74;0.000;1.643;
24-5-22;6:0:0;6.483;11.23;89.96;0.000;2.110;
24-5-22;6:10:0;6.494;11.29;90.07;0.000;1.785;
24-5-22;6:20:0;6.505;11.34;90.17;0.000;2.189;
24-5-22;6:30:0;6.499;11.44;90.17;0.000;1.793;
24-5-22;6:40:0;6.501;11.51;90.18;0.000;1.860;
24-5-22;6:50:0;6.502;11.54;90.02;0.000;1.593;
24-5-22;7:0:0;6.525;11.51;89.06;0.000;2.037;
24-5-22;7:10:0;6.578;11.22;87.80;0.000;1.475;
24-5-22;7:20:0;6.628;11.65;87.93;0.000;1.237;
24-5-22;7:30:0;6.769;12.14;87.39;0.000;1.360;
24-5-22;7:40:0;6.904;12.43;85.08;0.000;2.327;
24-5-22;7:50:0;7.067;12.89;82.09;0.000;2.172;
24-5-22;8:0:0;7.221;13.28;78.96;0.000;2.145;
24-5-22;8:10:0;7.297;13.48;77.64;0.000;2.389;
24-5-22;8:20:0;7.346;13.49;77.18;0.000;2.554;
24-5-22;8:30:0;7.308;13.54;76.30;0.000;2.518;
24-5-22;8:40:0;7.338;13.64;75.57;0.000;2.193;
24-5-22;8:50:0;7.356;13.94;73.44;0.000;2.308;
24-5-22;9:0:0;7.350;14.06;73.05;0.000;2.114;
24-5-22;9:10:0;7.336;14.20;73.42;0.000;1.947;
24-5-22;9:20:0;7.328;14.14;73.89;0.000;1.512;
24-5-22;9:30:0;7.336;14.70;70.74;0.000;1.775;
24-5-22;9:40:0;7.332;14.91;68.42;0.000;2.112;
24-5-22;9:50:0;7.326;14.92;68.04;0.000;2.027;
24-5-22;10:0:0;7.320;15.42;65.79;0.000;1.718;
24-5-22;10:10:0;7.315;15.18;62.11;0.000;2.293;
24-5-22;10:20:0;7.311;15.53;60.72;0.000;2.220;
24-5-22;10:30:0;7.307;15.54;62.69;0.000;2.020;
24-5-22;10:40:0;7.306;15.18;66.63;0.000;1.847;
24-5-22;10:50:0;7.305;15.39;66.32;0.000;1.977;
24-5-22;11:0:0;7.304;15.28;64.02;0.000;1.918;
24-5-22;11:10:0;7.302;15.67;64.28;0.000;1.862;
24-5-22;11:20:0;7.299;15.43;65.73;0.000;2.004;
24-5-22;11:30:0;7.296;15.70;65.06;0.000;2.002;
24-5-22;11:40:0;7.290;16.03;62.39;0.000;1.806;
24-5-22;11:50:0;7.285;16.26;61.56;0.000;1.872;
24-5-22;12:0:0;7.283;15.85;63.54;0.000;1.845;
24-5-22;12:10:0;7.269;15.39;64.26;0.000;1.927;
24-5-22;12:20:0;7.105;15.11;67.17;0.000;1.664;
